55.75;37.62;1459969297;1010;42;280.29
51.51;-0.13;1459969583;1006;57;281.73
35.69;139.69;1459967880;1019;87;285.65
50.43;30.52;1459967400;1009;55;287.77
52.37;4.89;1459967100;1003;81;281.5
39.92;32.85;1459966800;1013;35;287.15
52.52;13.41;1459968600;1007;43;284.63
50.85;4.35;1459967100;1007;61;282.96
59.91;10.75;1459966800;991;81;279.15
48.85;2.35;1459967400;1012;81;282.82
55.75;37.62;1459969297;1010;42;280.29
51.51;-0.13;1459969583;1006;57;281.73
35.69;139.69;1459967880;1019;87;285.65
50.43;30.52;1459967400;1009;55;287.77
52.37;4.89;1459967100;1003;81;281.5
39.92;32.85;1459966800;1013;35;287.15
52.52;13.41;1459968600;1007;43;284.63
50.85;4.35;1459967100;1007;61;282.96
59.91;10.75;1459966800;991;81;279.15
48.85;2.35;1459967400;1012;81;282.82
55.75;37.62;1459969297;1010;42;280.29
51.51;-0.13;1459969583;1006;57;281.73
35.69;139.69;1459967880;1019;87;285.65
50.43;30.52;1459967400;1009;55;287.77
52.37;4.89;1459967100;1003;81;281.5
39.92;32.85;1459966800;1013;35;287.15
52.52;13.41;1459968600;1007;43;284.63
50.85;4.35;1459967100;1007;61;282.96
59.91;10.75;1459966800;991;81;279.15
48.85;2.35;1459967400;1012;81;282.82
55.75;37.62;1459969297;1010;42;280.29
51.51;-0.13;1459969583;1006;57;281.73
35.69;139.69;1459967880;1019;87;285.65
50.43;30.52;1459967400;1009;55;287.77
52.37;4.89;1459967100;1003;81;281.5
39.92;32.85;1459966800;1013;35;287.15
52.52;13.41;1459968600;1007;43;284.63
50.85;4.35;1459967100;1007;61;282.96
59.91;10.75;1459966800;991;81;279.15
48.85;2.35;1459967400;1012;81;282.82
55.75;37.62;1459969297;1010;42;280.29
51.51;-0.13;1459969583;1006;57;281.73
35.69;139.69;1459967880;1019;87;285.65
50.43;30.52;1459967400;1009;55;287.77
52.37;4.89;1459967100;1003;81;281.5
39.92;32.85;1459966800;1013;35;287.15
52.52;13.41;1459968600;1007;43;284.63
50.85;4.35;1459967100;1007;61;282.96
59.91;10.75;1459966800;991;81;279.15
48.85;2.35;1459967400;1012;81;282.82
