55.75;37.62;1459951368;1011;37;280.85
55.75;37.62;1459951368;1011;37;280.85
55.75;37.62;1459951368;1011;37;280.85
55.75;37.62;1459951968;1011;37;280.86
55.75;37.62;1459951968;1011;37;280.86
55.75;37.62;1459951968;1011;37;280.86
55.75;37.62;1459951968;1011;37;280.86
55.75;37.62;1459951968;1011;37;280.86
55.75;37.62;1459951968;1011;37;280.86
55.75;37.62;1459951968;1011;37;280.86
55.75;37.62;1459951200;1011;29;283.15
55.75;37.62;1459951200;1011;29;283.15
55.75;37.62;1459951200;1011;29;283.15
55.75;37.62;1459951200;1011;29;283.15
55.75;37.62;1459951200;1011;29;283.15
55.75;37.62;1459951200;1011;29;283.15
55.75;37.62;1459953536;1011;29;283.64
55.75;37.62;1459953536;1011;29;283.64
55.75;37.62;1459953536;1011;29;283.64
55.75;37.62;1459953536;1011;29;283.64
55.75;37.62;1459953536;1011;29;283.64
55.75;37.62;1459953536;1011;29;283.64
55.75;37.62;1459954242;1011;29;283.63
55.75;37.62;1459954242;1011;29;283.63
55.75;37.62;1459954242;1011;29;283.63
55.75;37.62;1459954242;1011;29;283.63
55.75;37.62;1459954242;1011;29;283.63
55.75;37.62;1459954242;1011;29;283.63
55.75;37.62;1459953000;1011;36;282.65
55.75;37.62;1459953000;1011;36;282.65
55.75;37.62;1459953000;1011;36;282.65
55.75;37.62;1459953000;1011;36;282.65
55.75;37.62;1459953000;1011;36;282.65
55.75;37.62;1459953000;1011;36;282.65
55.75;37.62;1459955538;1011;36;282.98
55.75;37.62;1459955538;1011;36;282.98
55.75;37.62;1459955538;1011;36;282.98
55.75;37.62;1459955538;1011;36;282.98
55.75;37.62;1459955538;1011;36;282.98
55.75;37.62;1459955538;1011;36;282.98
55.75;37.62;1459953000;1011;36;282.65
55.75;37.62;1459953000;1011;36;282.65
55.75;37.62;1459953000;1011;36;282.65
55.75;37.62;1459953000;1011;36;282.65
55.75;37.62;1459953000;1011;36;282.65
55.75;37.62;1459953000;1011;36;282.65
