55.75;37.62;1459872000;1013;38;279.15
55.75;37.62;1459872000;1013;38;279.15
55.75;37.62;1459872000;1013;38;279.15
55.75;37.62;1459872000;1013;38;279.15
55.75;37.62;1459874502;1009.11;82;272.208
55.75;37.62;1459874502;1009.11;82;272.208
55.75;37.62;1459874502;1009.11;82;272.208
55.75;37.62;1459874502;1009.11;82;272.208
55.75;37.62;1459874502;1009.11;82;272.208
55.75;37.62;1459874502;1009.11;82;272.208
55.75;37.62;1459874502;1009.11;82;272.208
55.75;37.62;1459875156;1009.11;82;272.208
55.75;37.62;1459875156;1009.11;82;272.208
55.75;37.62;1459875156;1009.11;82;272.208
55.75;37.62;1459875156;1009.11;82;272.208
55.75;37.62;1459875156;1009.11;82;272.208
55.75;37.62;1459875156;1009.11;82;272.208
55.75;37.62;1459875761;1009.11;82;272.208
55.75;37.62;1459875761;1009.11;82;272.208
55.75;37.62;1459875761;1009.11;82;272.208
55.75;37.62;1459875761;1009.11;82;272.208
55.75;37.62;1459875761;1009.11;82;272.208
55.75;37.62;1459875761;1009.11;82;272.208
55.75;37.62;1459876303;1009.11;82;272.208
55.75;37.62;1459873800;1013;44;278.15
55.75;37.62;1459876303;1009.11;82;272.208
55.75;37.62;1459876303;1009.11;82;272.208
55.75;37.62;1459876303;1009.11;82;272.208
55.75;37.62;1459876303;1009.11;82;272.208
55.75;37.62;1459876916;1009.11;82;272.208
55.75;37.62;1459876916;1009.11;82;272.208
55.75;37.62;1459876916;1009.11;82;272.208
55.75;37.62;1459876916;1009.11;82;272.208
55.75;37.62;1459876916;1009.11;82;272.208
55.75;37.62;1459876916;1009.11;82;272.208
55.75;37.62;1459877578;1009.11;82;272.208
55.75;37.62;1459877578;1009.11;82;272.208
55.75;37.62;1459877578;1009.11;82;272.208
55.75;37.62;1459877578;1009.11;82;272.208
55.75;37.62;1459877578;1009.11;82;272.208
55.75;37.62;1459877578;1009.11;82;272.208
55.75;37.62;1459878127;1009.11;82;272.208
55.75;37.62;1459878127;1009.11;82;272.208
55.75;37.62;1459878127;1009.11;82;272.208
55.75;37.62;1459878127;1009.11;82;272.208
55.75;37.62;1459878127;1009.11;82;272.208
55.75;37.62;1459878127;1009.11;82;272.208
55.75;37.62;1459878728;1009.11;82;272.208
55.75;37.62;1459878127;1009.11;82;272.208
55.75;37.62;1459878728;1009.11;82;272.208
55.75;37.62;1459878728;1009.11;82;272.208
55.75;37.62;1459878728;1009.11;82;272.208
55.75;37.62;1459878728;1009.11;82;272.208
55.75;37.62;1459877400;1014;41;277.39
55.75;37.62;1459879380;1009.11;82;272.208
55.75;37.62;1459877400;1014;41;277.39
55.75;37.62;1459877400;1014;41;277.39
55.75;37.62;1459877400;1014;41;277.39
55.75;37.62;1459877400;1014;41;277.39
55.75;37.62;1459877400;1014;41;277.39
55.75;37.62;1459877400;1014;41;277.39
55.75;37.62;1459877400;1014;41;277.39
55.75;37.62;1459877400;1014;41;277.39
55.75;37.62;1459877400;1014;41;277.39
55.75;37.62;1459877400;1014;41;277.39
55.75;37.62;1459877400;1014;41;277.39
55.75;37.62;1459877400;1014;41;277.39
55.75;37.62;1459877400;1014;41;277.39
55.75;37.62;1459877400;1014;41;277.39
55.75;37.62;1459877400;1014;41;277.39
55.75;37.62;1459877400;1014;41;277.39
55.75;37.62;1459881142;1009.11;82;272.208
55.75;37.62;1459881142;1009.11;82;272.208
55.75;37.62;1459881142;1009.11;82;272.208
55.75;37.62;1459881142;1009.11;82;272.208
55.75;37.62;1459881142;1009.11;82;272.208
55.75;37.62;1459881142;1009.11;82;272.208
55.75;37.62;1459881788;1009.11;82;272.208
55.75;37.62;1459881788;1009.11;82;272.208
55.75;37.62;1459881788;1009.11;82;272.208
55.75;37.62;1459881788;1009.11;82;272.208
55.75;37.62;1459881788;1009.11;82;272.208
55.75;37.62;1459881788;1009.11;82;272.208
55.75;37.62;1459881788;1009.11;82;272.208
55.75;37.62;1459881788;1009.11;82;272.208
55.75;37.62;1459882350;1009.11;82;272.208
55.75;37.62;1459882388;1009.11;82;272.208
55.75;37.62;1459882350;1009.11;82;272.208
55.75;37.62;1459882388;1009.11;82;272.208
55.75;37.62;1459882350;1009.11;82;272.208
55.75;37.62;1459882350;1009.11;82;272.208
55.75;37.62;1459882951;1009.11;82;272.208
55.75;37.62;1459882951;1009.11;82;272.208
55.75;37.62;1459882951;1009.11;82;272.208
55.75;37.62;1459882951;1009.11;82;272.208
55.75;37.62;1459882951;1009.11;82;272.208
55.75;37.62;1459882951;1009.11;82;272.208
55.75;37.62;1459883590;1009.11;82;272.208
55.75;37.62;1459883590;1009.11;82;272.208
55.75;37.62;1459883590;1009.11;82;272.208
55.75;37.62;1459884160;1009.11;82;272.208
55.75;37.62;1459883590;1009.11;82;272.208
55.75;37.62;1459883590;1009.11;82;272.208
55.75;37.62;1459884160;1009.11;82;272.208
55.75;37.62;1459884191;1009.11;82;272.208
55.75;37.62;1459884191;1009.11;82;272.208
55.75;37.62;1459884761;1009.32;81;269.286
55.75;37.62;1459884191;1009.11;82;272.208
55.75;37.62;1459884191;1009.11;82;272.208
55.75;37.62;1459884761;1009.32;81;269.286
55.75;37.62;1459884794;1009.32;81;269.286
55.75;37.62;1459884794;1009.32;81;269.286
55.75;37.62;1459884794;1009.32;81;269.286
55.75;37.62;1459884794;1009.32;81;269.286
55.75;37.62;1459884794;1009.32;81;269.286
55.75;37.62;1459885361;1009.32;81;269.286
55.75;37.62;1459885361;1009.32;81;269.286
55.75;37.62;1459885361;1009.32;81;269.286
55.75;37.62;1459885361;1009.32;81;269.286
55.75;37.62;1459885361;1009.32;81;269.286
55.75;37.62;1459885361;1009.32;81;269.286
55.75;37.62;1459885361;1009.32;81;269.286
55.75;37.62;1459886590;1014;59;274.34
55.75;37.62;1459886590;1014;59;274.34
55.75;37.62;1459887169;1014;59;272.95
55.75;37.62;1459886590;1014;59;274.34
55.75;37.62;1459886590;1014;59;274.34
55.75;37.62;1459886590;1014;59;274.34
55.75;37.62;1459887169;1014;59;272.95
55.75;37.62;1459887169;1014;59;272.95
55.75;37.62;1459887769;1014;59;272.95
55.75;37.62;1459887169;1014;59;272.95
55.75;37.62;1459887169;1014;59;272.95
55.75;37.62;1459887169;1014;59;272.95
55.75;37.62;1459887769;1014;59;272.95
55.75;37.62;1459887769;1014;59;272.95
55.75;37.62;1459887769;1014;59;272.95
55.75;37.62;1459887769;1014;59;272.95
55.75;37.62;1459887769;1014;59;272.95
55.75;37.62;1459887769;1014;59;272.95
55.75;37.62;1459888369;1014;59;272.95
55.75;37.62;1459888369;1014;59;272.95
55.75;37.62;1459888369;1014;59;272.95
55.75;37.62;1459888369;1014;59;272.95
55.75;37.62;1459888369;1014;59;272.95
55.75;37.62;1459888369;1014;59;272.95
55.75;37.62;1459888970;1014;74;273.94
55.75;37.62;1459888970;1014;74;273.94
55.75;37.62;1459888970;1014;74;273.94
55.75;37.62;1459888970;1014;74;273.94
55.75;37.62;1459888970;1014;74;273.94
55.75;37.62;1459888970;1014;74;273.94
55.75;37.62;1459888970;1014;74;273.94
55.75;37.62;1459889569;1014;74;273.89
55.75;37.62;1459889569;1014;74;273.89
55.75;37.62;1459890168;1014;68;272.57
55.75;37.62;1459889569;1014;74;273.89
55.75;37.62;1459889569;1014;74;273.89
55.75;37.62;1459889569;1014;74;273.89
55.75;37.62;1459890168;1014;68;272.57
55.75;37.62;1459890168;1014;68;272.57
55.75;37.62;1459890770;1014;68;272.57
55.75;37.62;1459890770;1014;68;272.57
55.75;37.62;1459890770;1014;68;272.57
55.75;37.62;1459890168;1014;68;272.57
55.75;37.62;1459890770;1014;68;272.57
55.75;37.62;1459890770;1014;68;272.57
55.75;37.62;1459888200;1014;68;272.4
55.75;37.62;1459888200;1014;68;272.4
55.75;37.62;1459888200;1014;68;272.4
55.75;37.62;1459888200;1014;68;272.4
55.75;37.62;1459888200;1014;68;272.4
55.75;37.62;1459888200;1014;68;272.4
55.75;37.62;1459888200;1014;68;272.4
55.75;37.62;1459888200;1014;68;272.4
55.75;37.62;1459888200;1014;68;272.4
55.75;37.62;1459891969;1014;68;272.57
55.75;37.62;1459891969;1014;68;272.57
55.75;37.62;1459891969;1014;68;272.57
55.75;37.62;1459892567;1014;68;272.19
55.75;37.62;1459891969;1014;68;272.57
55.75;37.62;1459891969;1014;68;272.57
55.75;37.62;1459892567;1014;68;272.19
55.75;37.62;1459892567;1014;68;272.19
55.75;37.62;1459892567;1014;68;272.19
55.75;37.62;1459890000;1014;68;271.89
55.75;37.62;1459892567;1014;68;272.19
55.75;37.62;1459892567;1014;68;272.19
55.75;37.62;1459890000;1014;68;271.89
55.75;37.62;1459890000;1014;68;271.89
55.75;37.62;1459890000;1014;68;271.89
55.75;37.62;1459890000;1014;68;271.89
55.75;37.62;1459890000;1014;68;271.89
55.75;37.62;1459890000;1014;68;271.89
55.75;37.62;1459893769;1014;74;272.19
55.75;37.62;1459893769;1014;74;272.19
55.75;37.62;1459893769;1014;74;272.19
55.75;37.62;1459893769;1014;74;272.19
55.75;37.62;1459893769;1014;74;272.19
55.75;37.62;1459893769;1014;74;272.19
55.75;37.62;1459894369;1014;74;272.19
55.75;37.62;1459894369;1014;74;272.19
55.75;37.62;1459894369;1014;74;272.19
55.75;37.62;1459894369;1014;74;272.19
55.75;37.62;1459894369;1014;74;272.19
55.75;37.62;1459894369;1014;74;272.19
55.75;37.62;1459891800;1014;74;271.89
55.75;37.62;1459891800;1014;74;271.89
55.75;37.62;1459891800;1014;74;271.89
55.75;37.62;1459891800;1014;74;271.89
55.75;37.62;1459895568;1014;79;271.81
55.75;37.62;1459891800;1014;74;271.89
55.75;37.62;1459891800;1014;74;271.89
55.75;37.62;1459895568;1014;79;271.81
55.75;37.62;1459895568;1014;79;271.81
55.75;37.62;1459895568;1014;79;271.81
55.75;37.62;1459895568;1014;79;271.81
55.75;37.62;1459895568;1014;79;271.81
55.75;37.62;1459895568;1014;79;271.81
55.75;37.62;1459893600;1014;79;271.4
55.75;37.62;1459893600;1014;79;271.4
55.75;37.62;1459893600;1014;79;271.4
55.75;37.62;1459896768;1014;79;271.8
55.75;37.62;1459893600;1014;79;271.4
55.75;37.62;1459893600;1014;79;271.4
55.75;37.62;1459896768;1014;79;271.8
55.75;37.62;1459896768;1014;79;271.8
55.75;37.62;1459896768;1014;79;271.8
55.75;37.62;1459896768;1014;79;271.8
55.75;37.62;1459896768;1014;79;271.8
55.75;37.62;1459896768;1014;79;271.8
55.75;37.62;1459897370;1014;79;271.81
55.75;37.62;1459897370;1014;79;271.81
55.75;37.62;1459897370;1014;79;271.81
55.75;37.62;1459897370;1014;79;271.81
55.75;37.62;1459897370;1014;79;271.81
55.75;37.62;1459897370;1014;79;271.81
55.75;37.62;1459897969;1014;79;271.81
55.75;37.62;1459897969;1014;79;271.81
55.75;37.62;1459897969;1014;79;271.81
55.75;37.62;1459897969;1014;79;271.81
55.75;37.62;1459897969;1014;79;271.81
55.75;37.62;1459897969;1014;79;271.81
55.75;37.62;1459897969;1014;79;271.81
55.75;37.62;1459897969;1014;79;271.81
55.75;37.62;1459899169;1014;79;271.42
55.75;37.62;1459899169;1014;79;271.42
55.75;37.62;1459899169;1014;79;271.42
55.75;37.62;1459899169;1014;79;271.42
55.75;37.62;1459899169;1014;79;271.42
55.75;37.62;1459899169;1014;79;271.42
55.75;37.62;1459899169;1014;79;271.42
55.75;37.62;1459899169;1014;79;271.42
55.75;37.62;1459897200;1014;79;270.9
55.75;37.62;1459897200;1014;79;270.9
55.75;37.62;1459897200;1014;79;270.9
55.75;37.62;1459897200;1014;79;270.9
55.75;37.62;1459897200;1014;79;270.9
55.75;37.62;1459897200;1014;79;270.9
55.75;37.62;1459900369;1014;79;271.42
55.75;37.62;1459900369;1014;79;271.42
55.75;37.62;1459900369;1014;79;271.42
55.75;37.62;1459900369;1014;79;271.42
55.75;37.62;1459900369;1014;79;271.42
55.75;37.62;1459900369;1014;79;271.42
55.75;37.62;1459900369;1014;79;271.42
55.75;37.62;1459900970;1014;79;271.04
55.75;37.62;1459900970;1014;79;271.04
55.75;37.62;1459900970;1014;79;271.04
55.75;37.62;1459900970;1014;79;271.04
55.75;37.62;1459900970;1014;79;271.04
55.75;37.62;1459900970;1014;79;271.04
55.75;37.62;1459901567;1014;79;271.04
55.75;37.62;1459901567;1014;79;271.04
55.75;37.62;1459901567;1014;79;271.04
55.75;37.62;1459901567;1014;79;271.04
55.75;37.62;1459902313;1014;79;272.15
55.75;37.62;1459901567;1014;79;271.04
55.75;37.62;1459902313;1014;79;272.15
55.75;37.62;1459902313;1014;79;272.15
55.75;37.62;1459902313;1014;79;272.15
55.75;37.62;1459902313;1014;79;272.15
55.75;37.62;1459902313;1014;79;272.15
55.75;37.62;1459902313;1014;79;272.15
55.75;37.62;1459902958;1014;79;271.97
55.75;37.62;1459902769;1014;79;271.97
55.75;37.62;1459902958;1014;79;271.97
55.75;37.62;1459902958;1014;79;271.97
55.75;37.62;1459902958;1014;79;271.97
55.75;37.62;1459902958;1014;79;271.97
55.75;37.62;1459903544;1014;79;271.92
55.75;37.62;1459903427;1014;79;271.96
55.75;37.62;1459903544;1014;79;271.92
55.75;37.62;1459903544;1014;79;271.92
55.75;37.62;1459903544;1014;79;271.92
55.75;37.62;1459903544;1014;79;271.92
55.75;37.62;1459904072;1014;79;271.91
55.75;37.62;1459904072;1014;79;271.91
55.75;37.62;1459904072;1014;79;271.91
55.75;37.62;1459904072;1014;79;271.91
55.75;37.62;1459902600;1014;86;270.15
55.75;37.62;1459904072;1014;79;271.91
55.75;37.62;1459904776;1014;86;271.94
55.75;37.62;1459904776;1014;86;271.94
55.75;37.62;1459904776;1014;86;271.94
55.75;37.62;1459904776;1014;86;271.94
55.75;37.62;1459904776;1014;86;271.94
55.75;37.62;1459904776;1014;86;271.94
55.75;37.62;1459905362;1014;86;271.92
55.75;37.62;1459905362;1014;86;271.92
55.75;37.62;1459905362;1014;86;271.92
55.75;37.62;1459905362;1014;86;271.92
55.75;37.62;1459902600;1014;86;270.15
55.75;37.62;1459902600;1014;86;270.15
55.75;37.62;1459902600;1014;86;270.15
55.75;37.62;1459902600;1014;86;270.15
55.75;37.62;1459902600;1014;86;270.15
55.75;37.62;1459902600;1014;86;270.15
55.75;37.62;1459906476;1014;86;271.94
55.75;37.62;1459906594;1014;86;271.94
55.75;37.62;1459906594;1014;86;271.94
55.75;37.62;1459906476;1014;86;271.94
55.75;37.62;1459906594;1014;86;271.94
55.75;37.62;1459906594;1014;86;271.94
55.75;37.62;1459906594;1014;86;271.94
55.75;37.62;1459907121;1014;86;272
55.75;37.62;1459907121;1014;86;272
55.75;37.62;1459907121;1014;86;271.99
55.75;37.62;1459907121;1014;86;272
55.75;37.62;1459907121;1014;86;272
55.75;37.62;1459907121;1014;86;272
55.75;37.62;1459907121;1014;86;271.99
55.75;37.62;1459907649;1014;86;271.95
55.75;37.62;1459907649;1014;86;271.95
55.75;37.62;1459907649;1014;86;271.95
55.75;37.62;1459907649;1014;86;271.95
55.75;37.62;1459907649;1014;86;271.95
55.75;37.62;1459908169;1014;79;271.23
55.75;37.62;1459908169;1014;79;271.23
55.75;37.62;1459908169;1014;79;271.23
55.75;37.62;1459908169;1014;79;271.23
55.75;37.62;1459908169;1014;79;271.23
55.75;37.62;1459908169;1014;79;271.23
55.75;37.62;1459908169;1014;79;271.23
55.75;37.62;1459908769;1014;79;271.23
55.75;37.62;1459908769;1014;79;271.23
55.75;37.62;1459908769;1014;79;271.23
55.75;37.62;1459908769;1014;79;271.23
55.75;37.62;1459908769;1014;79;271.23
55.75;37.62;1459908769;1014;79;271.23
55.75;37.62;1459908769;1014;79;271.23
55.75;37.62;1459909369;1014;79;271.22
55.75;37.62;1459909369;1014;79;271.22
55.75;37.62;1459909369;1014;79;271.22
55.75;37.62;1459909369;1014;79;271.22
55.75;37.62;1459909369;1014;79;271.22
55.75;37.62;1459909369;1014;79;271.22
55.75;37.62;1459909369;1014;79;271.22
55.75;37.62;1459910704;1014;86;272.38
55.75;37.62;1459910704;1014;86;272.38
55.75;37.62;1459910704;1014;86;272.38
55.75;37.62;1459910704;1014;86;272.38
55.75;37.62;1459910704;1014;86;272.38
55.75;37.62;1459910704;1014;86;272.38
55.75;37.62;1459910704;1014;86;272.38
55.75;37.62;1459911403;1014;86;272.36
55.75;37.62;1459911403;1014;86;272.36
55.75;37.62;1459911403;1014;86;272.36
55.75;37.62;1459911403;1014;86;272.36
55.75;37.62;1459911403;1014;86;272.36
55.75;37.62;1459911403;1014;86;272.36
55.75;37.62;1459911930;1014;86;272.35
55.75;37.62;1459911930;1014;86;272.35
55.75;37.62;1459911930;1014;86;272.35
55.75;37.62;1459911930;1014;86;272.35
55.75;37.62;1459912369;1014;86;271.61
55.75;37.62;1459912969;1014;86;271.61
55.75;37.62;1459912969;1014;86;271.61
55.75;37.62;1459912969;1014;86;271.61
55.75;37.62;1459912969;1014;86;271.61
55.75;37.62;1459912969;1014;86;271.61
55.75;37.62;1459912969;1014;86;271.61
55.75;37.62;1459913569;1014;80;271.81
55.75;37.62;1459913569;1014;80;271.81
55.75;37.62;1459913569;1014;80;271.81
55.75;37.62;1459913569;1014;80;271.81
55.75;37.62;1459913569;1014;80;271.81
55.75;37.62;1459913569;1014;80;271.81
55.75;37.62;1459914169;1014;80;271.8
55.75;37.62;1459914169;1014;80;271.8
55.75;37.62;1459914169;1014;80;271.8
55.75;37.62;1459914169;1014;80;271.8
55.75;37.62;1459914169;1014;80;271.8
55.75;37.62;1459914169;1014;80;271.8
55.75;37.62;1459914769;1014;80;271.8
55.75;37.62;1459914769;1014;80;271.8
55.75;37.62;1459914769;1014;80;271.8
55.75;37.62;1459914769;1014;80;271.8
55.75;37.62;1459914769;1014;80;271.8
55.75;37.62;1459914769;1014;80;271.8
55.75;37.62;1459915370;1014;72;272.38
55.75;37.62;1459915370;1014;72;272.38
55.75;37.62;1459915370;1014;72;272.38
55.75;37.62;1459915370;1014;72;272.38
55.75;37.62;1459915370;1014;72;272.38
55.75;37.62;1459915370;1014;72;272.38
55.75;37.62;1459915970;1014;72;272.38
55.75;37.62;1459915970;1014;72;272.38
55.75;37.62;1459915970;1014;72;272.38
55.75;37.62;1459915970;1014;72;272.38
55.75;37.62;1459915970;1014;72;272.38
55.75;37.62;1459915970;1014;72;272.38
55.75;37.62;1459915970;1014;72;272.38
55.75;37.62;1459913400;1014;72;272.15
55.75;37.62;1459913400;1014;72;272.15
55.75;37.62;1459913400;1014;72;272.15
55.75;37.62;1459913400;1014;72;272.15
55.75;37.62;1459913400;1014;72;272.15
55.75;37.62;1459917169;1014;64;273.15
55.75;37.62;1459917169;1014;64;273.15
55.75;37.62;1459917169;1014;64;273.15
55.75;37.62;1459917169;1014;64;273.15
55.75;37.62;1459917169;1014;64;273.15
55.75;37.62;1459917169;1014;64;273.15
55.75;37.62;1459917769;1014;64;273.15
55.75;37.62;1459917769;1014;64;273.15
55.75;37.62;1459917769;1014;64;273.15
55.75;37.62;1459917769;1014;64;273.15
55.75;37.62;1459917769;1014;64;273.15
55.75;37.62;1459917769;1014;64;273.15
55.75;37.62;1459917769;1014;64;273.15
55.75;37.62;1459918370;1014;64;273.15
55.75;37.62;1459918370;1014;64;273.15
55.75;37.62;1459918370;1014;64;273.15
55.75;37.62;1459918370;1014;64;273.15
55.75;37.62;1459918370;1014;64;273.15
55.75;37.62;1459918370;1014;64;273.15
55.75;37.62;1459918969;1014;69;273.54
55.75;37.62;1459918969;1014;69;273.54
55.75;37.62;1459918969;1014;69;273.54
55.75;37.62;1459918969;1014;69;273.54
55.75;37.62;1459918969;1014;69;273.54
55.75;37.62;1459918969;1014;69;273.54
55.75;37.62;1459919569;1014;69;273.54
55.75;37.62;1459919569;1014;69;273.54
55.75;37.62;1459918969;1014;69;273.54
55.75;37.62;1459919569;1014;69;273.54
55.75;37.62;1459919569;1014;69;273.54
55.75;37.62;1459920170;1014;69;273.54
55.75;37.62;1459920170;1014;69;273.54
55.75;37.62;1459920170;1014;69;273.54
55.75;37.62;1459920170;1014;69;273.54
55.75;37.62;1459920170;1014;69;273.54
55.75;37.62;1459920170;1014;69;273.54
55.75;37.62;1459920769;1013;64;274.3
55.75;37.62;1459920769;1013;64;274.3
55.75;37.62;1459920769;1013;64;274.3
55.75;37.62;1459920769;1013;64;274.3
55.75;37.62;1459920769;1013;64;274.3
55.75;37.62;1459920769;1013;64;274.3
55.75;37.62;1459920769;1013;64;274.3
55.75;37.62;1459920769;1013;64;274.3
55.75;37.62;1459920769;1013;64;274.3
55.75;37.62;1459921369;1013;64;274.3
55.75;37.62;1459920769;1013;64;274.3
55.75;37.62;1459920769;1013;64;274.3
55.75;37.62;1459921369;1013;64;274.31
55.75;37.62;1459921369;1013;64;274.31
55.75;37.62;1459921369;1013;64;274.31
55.75;37.62;1459921369;1013;64;274.31
55.75;37.62;1459921969;1013;64;274.31
55.75;37.62;1459921369;1013;64;274.31
55.75;37.62;1459921369;1013;64;274.31
55.75;37.62;1459921969;1013;64;274.31
55.75;37.62;1459922728;1013;64;275.88
55.75;37.62;1459922728;1013;64;275.88
55.75;37.62;1459922728;1013;64;275.88
55.75;37.62;1459922728;1013;64;275.88
55.75;37.62;1459922728;1013;64;275.88
55.75;37.62;1459923256;1013;64;275.91
55.75;37.62;1459922728;1013;64;275.88
55.75;37.62;1459923256;1013;64;275.91
55.75;37.62;1459923256;1013;64;275.91
55.75;37.62;1459923256;1013;64;275.91
55.75;37.62;1459923256;1013;64;275.91
55.75;37.62;1459923256;1013;64;275.91
55.75;37.62;1459923256;1013;64;275.91
55.75;37.62;1459920600;1013;64;275.65
55.75;37.62;1459920600;1013;64;275.65
55.75;37.62;1459920600;1013;64;275.65
55.75;37.62;1459920600;1013;64;275.65
55.75;37.62;1459920600;1013;64;275.65
55.75;37.62;1459920600;1013;64;275.65
55.75;37.62;1459924607;1013;55;276.31
55.75;37.62;1459924607;1013;55;276.31
55.75;37.62;1459924607;1013;55;276.31
55.75;37.62;1459924607;1013;55;276.31
55.75;37.62;1459924607;1013;55;276.31
55.75;37.62;1459924607;1013;55;276.31
55.75;37.62;1459925370;1013;55;276.34
55.75;37.62;1459925135;1013;55;276.3
55.75;37.62;1459925370;1013;55;276.34
55.75;37.62;1459925370;1013;55;276.34
55.75;37.62;1459925135;1013;55;276.3
55.75;37.62;1459925370;1013;55;276.34
55.75;37.62;1459925370;1013;55;276.34
55.75;37.62;1459925958;1014;48;276.86
55.75;37.62;1459925958;1014;48;276.86
55.75;37.62;1459925958;1014;48;276.86
55.75;37.62;1459926168;1014;48;276.88
55.75;37.62;1459925958;1014;48;276.86
55.75;37.62;1459925958;1014;48;276.86
55.75;37.62;1459925958;1014;48;276.86
55.75;37.62;1459926168;1014;48;276.88
55.75;37.62;1459924200;1014;48;276.9
55.75;37.62;1459926767;1014;48;276.89
55.75;37.62;1459924200;1014;48;276.9
55.75;37.62;1459924200;1014;48;276.9
55.75;37.62;1459926767;1014;48;276.89
55.75;37.62;1459924200;1014;48;276.9
55.75;37.62;1459926767;1014;48;276.89
55.75;37.62;1459926767;1014;48;276.89
55.75;37.62;1459926767;1014;48;276.89
55.75;37.62;1459926767;1014;48;276.89
55.75;37.62;1459927368;1014;48;276.89
55.75;37.62;1459926767;1014;48;276.89
55.75;37.62;1459927967;1014;48;277.38
55.75;37.62;1459927967;1014;48;277.38
55.75;37.62;1459927967;1014;48;277.38
55.75;37.62;1459927967;1014;48;277.38
55.75;37.62;1459927967;1014;48;277.38
55.75;37.62;1459927967;1014;48;277.38
55.75;37.62;1459927967;1014;48;277.39
55.75;37.62;1459928567;1014;48;277.4
55.75;37.62;1459927967;1014;48;277.39
55.75;37.62;1459927967;1014;48;277.39
55.75;37.62;1459927967;1014;48;277.39
55.75;37.62;1459927967;1014;48;277.39
55.75;37.62;1459929169;1014;48;277.4
55.75;37.62;1459929169;1014;48;277.4
55.75;37.62;1459929169;1014;48;277.4
55.75;37.62;1459929169;1014;48;277.4
55.75;37.62;1459929169;1014;48;277.4
55.75;37.62;1459929169;1014;48;277.4
55.75;37.62;1459927800;1014;45;279.15
55.75;37.62;1459927800;1014;45;279.15
55.75;37.62;1459927800;1014;45;279.15
55.75;37.62;1459927800;1014;45;279.15
55.75;37.62;1459927800;1014;45;279.15
55.75;37.62;1459927800;1014;45;279.15
55.75;37.62;1459930189;1014;45;278.15
55.75;37.62;1459930189;1014;45;278.15
55.75;37.62;1459930367;1014;45;278.13
55.75;37.62;1459930189;1014;45;278.15
55.75;37.62;1459930189;1014;45;278.15
55.75;37.62;1459930189;1014;45;278.15
55.75;37.62;1459930367;1014;45;278.14
55.75;37.62;1459930367;1014;45;278.14
55.75;37.62;1459930367;1014;45;278.14
55.75;37.62;1459930367;1014;45;278.14
55.75;37.62;1459930367;1014;45;278.14
55.75;37.62;1459930967;1014;45;278.15
55.75;37.62;1459930189;1014;41;279.5
55.75;37.62;1459930189;1014;41;279.5
55.75;37.62;1459930967;1014;45;278.15
55.75;37.62;1459930189;1014;41;279.5
55.75;37.62;1459930189;1014;41;279.5
55.75;37.62;1459930189;1014;41;279.5
55.75;37.62;1459930189;1014;41;279.5
55.75;37.62;1459930189;1014;41;279.5
55.75;37.62;1459930189;1014;41;279.5
55.75;37.62;1459930189;1014;41;279.5
55.75;37.62;1459930189;1014;41;279.5
55.75;37.62;1459930189;1014;41;279.5
55.75;37.62;1459930189;1014;41;279.51
55.75;37.62;1459930189;1014;41;279.5
55.75;37.62;1459930189;1014;41;279.51
55.75;37.62;1459930189;1014;41;279.51
55.75;37.62;1459930189;1014;41;279.51
55.75;37.62;1459930189;1014;41;279.51
55.75;37.62;1459930189;1014;41;279.51
55.75;37.62;1459930189;1014;41;279.51
55.75;37.62;1459930189;1014;41;279.51
55.75;37.62;1459931400;1013;41;280.1
55.75;37.62;1459931400;1013;41;280.1
55.75;37.62;1459931400;1013;41;280.11
55.75;37.62;1459931400;1013;41;280.1
55.75;37.62;1459931400;1013;41;280.1
55.75;37.62;1459931400;1013;41;280.1
55.75;37.62;1459931400;1013;41;280.11
55.75;37.62;1459931400;1013;41;280.11
55.75;37.62;1459931400;1013;41;279.65
55.75;37.62;1459931400;1013;41;280.11
55.75;37.62;1459931400;1013;41;280.11
55.75;37.62;1459931400;1013;41;279.65
55.75;37.62;1459931400;1013;41;279.65
55.75;37.62;1459931400;1013;41;279.65
55.75;37.62;1459933200;1013;36;280.15
55.75;37.62;1459933200;1013;36;280.15
55.75;37.62;1459933200;1013;36;280.15
55.75;37.62;1459933200;1013;36;280.15
55.75;37.62;1459933200;1013;36;280.15
55.75;37.62;1459933200;1013;36;280.15
55.75;37.62;1459933200;1013;36;280.15
55.75;37.62;1459933200;1013;36;280.15
55.75;37.62;1459933200;1013;36;280.15
55.75;37.62;1459933200;1013;36;280.15
55.75;37.62;1459933200;1013;36;280.15
55.75;37.62;1459933200;1013;36;280.15
55.75;37.62;1459933200;1013;36;280.15
55.75;37.62;1459933200;1013;36;280.15
55.75;37.62;1459935000;1013;33;281.4
55.75;37.62;1459935000;1013;33;281.4
55.75;37.62;1459935000;1013;33;281.4
55.75;37.62;1459935000;1013;33;281.4
55.75;37.62;1459933200;1013;36;280.15
55.75;37.62;1459935000;1013;33;281.4
55.75;37.62;1459936967;1013;33;279.48
55.75;37.62;1459936967;1013;33;279.48
55.75;37.62;1459936967;1013;33;279.49
55.75;37.62;1459936967;1013;33;279.48
55.75;37.62;1459936967;1013;33;279.48
55.75;37.62;1459936967;1013;33;279.49
55.75;37.62;1459937567;1013;33;279.49
55.75;37.62;1459936967;1013;33;279.49
55.75;37.62;1459937567;1013;33;279.49
55.75;37.62;1459937567;1013;33;279.49
55.75;37.62;1459937567;1013;33;279.49
55.75;37.62;1459937567;1013;33;279.49
55.75;37.62;1459937567;1013;33;279.49
55.75;37.62;1459937567;1013;33;279.49
55.75;37.62;1459938169;1013;31;279.68
55.75;37.62;1459938169;1013;33;279.51
55.75;37.62;1459938169;1013;33;279.51
55.75;37.62;1459938169;1013;31;279.68
55.75;37.62;1459938169;1013;33;279.51
55.75;37.62;1459938169;1013;33;279.51
55.75;37.62;1459938767;1013;31;279.67
55.75;37.62;1459938767;1013;31;279.69
55.75;37.62;1459938767;1013;31;279.69
55.75;37.62;1459938767;1013;31;279.67
55.75;37.62;1459938767;1013;31;279.69
55.75;37.62;1459938767;1013;31;279.69
55.75;37.62;1459938767;1013;31;279.69
55.75;37.62;1459938767;1013;31;279.69
55.75;37.62;1459939368;1013;31;279.7
55.75;37.62;1459939368;1013;31;279.7
55.75;37.62;1459939368;1013;31;279.7
55.75;37.62;1459939368;1013;31;279.7
55.75;37.62;1459939368;1013;31;279.7
55.75;37.62;1459939368;1013;31;279.7
55.75;37.62;1459939368;1013;31;279.7
55.75;37.62;1459940566;1012;29;280.44
55.75;37.62;1459940566;1012;29;280.44
55.75;37.62;1459940566;1012;29;280.44
55.75;37.62;1459940566;1012;29;280.46
55.75;37.62;1459940566;1012;29;280.44
55.75;37.62;1459940566;1012;29;280.46
55.75;37.62;1459940566;1012;29;280.46
55.75;37.62;1459940566;1012;29;280.46
55.75;37.62;1459940566;1012;29;280.46
55.75;37.62;1459941168;1012;29;280.45
55.75;37.62;1459940566;1012;29;280.46
55.75;37.62;1459940566;1012;29;280.46
55.75;37.62;1459938600;1012;29;282.65
55.75;37.62;1459938600;1012;29;282.65
55.75;37.62;1459938600;1012;29;282.65
55.75;37.62;1459941767;1012;29;280.49
55.75;37.62;1459938600;1012;29;282.65
55.75;37.62;1459938600;1012;29;282.65
55.75;37.62;1459941767;1012;29;280.49
55.75;37.62;1459941767;1012;29;280.49
55.75;37.62;1459941767;1012;29;280.49
55.75;37.62;1459941767;1012;29;280.49
55.75;37.62;1459941767;1012;29;280.49
55.75;37.62;1459941767;1012;29;280.49
55.75;37.62;1459942368;1012;27;280.46
55.75;37.62;1459942968;1012;27;280.47
55.75;37.62;1459942368;1012;27;280.46
55.75;37.62;1459942968;1012;27;280.47
55.75;37.62;1459942368;1012;27;280.46
55.75;37.62;1459942968;1012;27;280.47
55.75;37.62;1459942968;1012;27;280.47
55.75;37.62;1459943565;1012;25;281.02
55.75;37.62;1459943565;1012;25;281.02
55.75;37.62;1459943565;1012;25;281.02
55.75;37.62;1459943565;1012;25;281.02
55.75;37.62;1459943565;1012;25;281.02
55.75;37.62;1459943565;1012;25;281.02
55.75;37.62;1459943565;1012;25;281.02
55.75;37.62;1459944168;1012;25;281.03
55.75;37.62;1459944168;1012;25;281.03
55.75;37.62;1459944168;1012;25;281.03
55.75;37.62;1459944767;1012;25;281.03
55.75;37.62;1459944767;1012;25;281.03
55.75;37.62;1459944767;1012;25;281.03
55.75;37.62;1459944767;1012;25;281.03
55.75;37.62;1459944767;1012;25;281.03
55.75;37.62;1459944767;1012;25;281.03
55.75;37.62;1459944767;1012;25;281.03
55.75;37.62;1459945367;1012;25;281.05
55.75;37.62;1459945367;1012;25;281.05
55.75;37.62;1459945367;1012;29;280.83
55.75;37.62;1459945367;1012;25;281.05
55.75;37.62;1459945367;1012;25;281.05
55.75;37.62;1459945367;1012;25;281.05
55.75;37.62;1459945367;1012;29;280.83
55.75;37.62;1459945367;1012;29;280.83
55.75;37.62;1459945969;1012;29;280.84
55.75;37.62;1459945367;1012;29;280.83
55.75;37.62;1459945367;1012;29;280.83
55.75;37.62;1459945367;1012;29;280.83
55.75;37.62;1459945969;1012;29;280.84
55.75;37.62;1459945969;1012;29;280.84
55.75;37.62;1459945969;1012;29;280.84
55.75;37.62;1459945969;1012;29;280.84
55.75;37.62;1459945969;1012;29;280.84
55.75;37.62;1459946568;1012;29;280.86
55.75;37.62;1459947165;1012;29;280.86
55.75;37.62;1459946568;1012;29;280.86
55.75;37.62;1459946568;1012;29;280.86
55.75;37.62;1459946568;1012;29;280.86
55.75;37.62;1459946568;1012;29;280.86
55.75;37.62;1459947768;1011;34;280.83
55.75;37.62;1459947768;1011;34;280.83
55.75;37.62;1459947768;1011;34;280.83
55.75;37.62;1459947768;1011;34;280.83
55.75;37.62;1459947768;1011;34;280.83
55.75;37.62;1459947768;1011;34;280.83
55.75;37.62;1459947768;1011;34;280.83
55.75;37.62;1459947768;1011;34;280.84
55.75;37.62;1459947768;1011;34;280.84
55.75;37.62;1459947768;1011;34;280.84
55.75;37.62;1459947768;1011;34;280.84
55.75;37.62;1459947768;1011;34;280.84
55.75;37.62;1459947768;1011;34;280.84
55.75;37.62;1459945800;1011;34;283.15
55.75;37.62;1459945800;1011;34;283.15
55.75;37.62;1459945800;1011;34;283.15
55.75;37.62;1459945800;1011;34;283.15
55.75;37.62;1459945800;1011;34;283.15
55.75;37.62;1459945800;1011;34;283.15
55.75;37.62;1459949571;1011;31;280.83
55.75;37.62;1459949571;1011;31;280.83
55.75;37.62;1459949571;1011;31;280.83
55.75;37.62;1459949571;1011;31;280.83
55.75;37.62;1459949571;1011;31;280.83
55.75;37.62;1459949571;1011;31;280.83
55.75;37.62;1459950167;1011;31;280.84
55.75;37.62;1459950167;1011;31;280.84
55.75;37.62;1459950167;1011;31;280.84
55.75;37.62;1459950167;1011;31;280.84
55.75;37.62;1459950167;1011;31;280.84
55.75;37.62;1459950167;1011;31;280.84
55.75;37.62;1459950167;1011;31;280.84
55.75;37.62;1459950768;1011;31;280.86
55.75;37.62;1459950768;1011;31;280.86
55.75;37.62;1459950768;1011;37;280.83
55.75;37.62;1459950768;1011;31;280.86
55.75;37.62;1459950768;1011;37;280.83
55.75;37.62;1459950768;1011;37;280.83
55.75;37.62;1459950768;1011;37;280.83
55.75;37.62;1459950768;1011;37;280.83
55.75;37.62;1459951368;1011;37;280.85
55.75;37.62;1459951368;1011;37;280.85

